5 94 92 87
10 16 9 178
15 81 101 76
20 1 2 197
25 124 125 32
30 75 76 91
35 31 29 156
40 44 55 128
45 122 127 27
50 91 100 64
55 45 38 137
60 25 18 168
65 9 14 180
70 11 8 185
75 25 28 161
80 65 72 100
85 105 105 46
90 129 115 22
95 115 121 34
100 104 109 44
105 95 87 64
110 80 86 79
115 80 69 95
120 56 68 105
125 62 64 101
130 63 70 94
135 67 64 102
140 81 88 79
145 88 80 83
150 70 84 83
155 78 91 70
160 81 97 69
165 83 74 79
170 83 87 70
175 92 70 83
180 86 86 75
185 86 80 74
190 83 77 80
195 74 68 91
200 88 84 78